0 0.50875 0.10625 0.005 0.01375
0 0.70875 0.10625 0.00875 0.01375
0 0.5 0.10625 0.00875 0.01375
0 0.535 0.10875 0.00875 0.01375
0 0.82875 0.10875 0.00875 0.00875
0 0.81 0.11125 0.00875 0.00875
0 0.83625 0.11375 0.00875 0.00875
0 0.76625 0.11375 0.00875 0.00875
0 0.6 0.11625 0.00875 0.01375
0 0.785 0.11625 0.00875 0.01375
0 0.66 0.11625 0.00875 0.01375
0 0.5325 0.1175 0.00875 0.00875
0 0.73625 0.1175 0.00875 0.01375
0 0.62 0.12 0.00875 0.01375
0 0.64875 0.12 0.00875 0.01375
0 0.50875 0.12 0.00875 0.01375
0 0.685 0.12 0.00875 0.01375
0 0.52375 0.1225 0.00875 0.01375
0 0.8125 0.1225 0.00875 0.01375
0 0.67375 0.1225 0.00875 0.00875
0 0.76875 0.1225 0.00875 0.01375
0 0.9125 0.125 0.01375 0.01375
0 0.48375 0.125 0.00875 0.01375
0 0.4975 0.125 0.00875 0.01375
0 0.5575 0.125 0.00875 0.01875
0 0.58125 0.125 0.005 0.01375
0 0.72625 0.125 0.00875 0.01375
0 0.7575 0.1275 0.00875 0.01375
0 0.5375 0.1275 0.005 0.00875
0 0.71125 0.1275 0.00875 0.01375
0 0.95125 0.1275 0.00875 0.01875
0 0.6575 0.1275 0.01375 0.01375
0 0.60125 0.13 0.00875 0.01375
0 0.82125 0.13 0.00875 0.00875
0 0.54625 0.13 0.00875 0.01875
0 0.61125 0.13 0.005 0.00875
0 0.88625 0.1325 0.01375 0.01375
0 0.89625 0.1325 0.00875 0.01875
0 0.57 0.13375 0.00875 0.01375
0 0.66875 0.13375 0.00875 0.01375
0 0.74125 0.13375 0.00875 0.01375
0 0.80125 0.13375 0.00875 0.00875
0 0.6275 0.13375 0.00875 0.01375
0 0.85875 0.13625 0.00875 0.01375
0 0.83625 0.13625 0.00875 0.01375
0 0.8725 0.13875 0.00875 0.00875
0 0.9025 0.13875 0.00875 0.01375
0 0.8475 0.13875 0.01375 0.01375
0 0.69875 0.13875 0.00875 0.01375
0 0.82 0.13875 0.01375 0.01375
0 0.525 0.13875 0.00875 0.01375
0 0.98375 0.14125 0.00875 0.01875
0 0.9925 0.14125 0.00875 0.02375
0 0.5 0.14125 0.01375 0.01875
0 0.93 0.14625 0.005 0.01375
0 0.78 0.14625 0.01375 0.01875
0 0.78875 0.14625 0.01375 0.01375
0 0.61625 0.14625 0.00875 0.01375
0 0.51875 0.14625 0.01375 0.01875
0 0.95625 0.14875 0.01375 0.01375
0 0.8825 0.14875 0.01375 0.01375
0 0.86625 0.15 0.01375 0.01375
0 0.91625 0.15 0.01375 0.01875
0 0.63375 0.15 0.01375 0.01375
0 0.6925 0.15 0.00875 0.01375
0 0.67375 0.1525 0.01375 0.01375
0 0.57375 0.1525 0.01375 0.00875
0 0.5375 0.1525 0.00875 0.01375
0 0.81 0.1525 0.01375 0.02375
0 0.8425 0.155 0.01375 0.01375
0 0.88875 0.155 0.00875 0.01375
0 0.7225 0.155 0.00875 0.02375
0 0.60375 0.1575 0.01375 0.01875
0 0.995 0.1575 0.00875 0.01875
0 0.67875 0.1575 0.00875 0.01375
0 0.73625 0.1575 0.00875 0.01375
0 0.75 0.1575 0.01375 0.01875
0 0.95625 0.16 0.01375 0.01875
0 0.54375 0.1625 0.00875 0.01375
0 0.52125 0.16375 0.01375 0.01875
0 0.5975 0.16875 0.00875 0.01375
0 0.73125 0.16875 0.00875 0.01875
0 0.63 0.16875 0.01375 0.01875
0 0.5575 0.16875 0.01375 0.01875
0 0.64875 0.16875 0.01375 0.01375
0 0.88625 0.17375 0.01375 0.02375
0 0.8725 0.17375 0.01375 0.01875
0 0.9425 0.17375 0.00875 0.01875
0 0.97875 0.17375 0.01375 0.02375
0 0.595 0.17375 0.01375 0.01375
0 0.9075 0.17625 0.01375 0.01875
0 0.83375 0.17875 0.01875 0.0275
0 0.60875 0.17875 0.01375 0.01375
0 0.8075 0.18 0.01875 0.02375
0 0.5875 0.1825 0.00875 0.01375
0 0.79625 0.185 0.01375 0.01875
0 0.67125 0.185 0.01375 0.01875
0 0.70625 0.185 0.01375 0.02375
0 0.95875 0.1875 0.01875 0.02375
0 0.57625 0.1875 0.01875 0.01875
0 0.64125 0.1875 0.01375 0.01875
0 0.53 0.19 0.01375 0.01875
0 0.72875 0.1925 0.01875 0.01875
0 0.57875 0.19875 0.01375 0.01875
0 0.78 0.20125 0.01375 0.01375
0 0.92625 0.20125 0.01875 0.01875
0 0.625 0.20125 0.01875 0.02375
0 0.7575 0.20125 0.01375 0.01875
0 0.5875 0.20375 0.01375 0.01875
0 0.66 0.20375 0.01875 0.01875
0 0.95625 0.20375 0.01375 0.01875
0 0.9075 0.20375 0.01375 0.01875
0 0.55125 0.20375 0.01875 0.01875
0 0.70125 0.20625 0.01375 0.01875
0 0.64375 0.20625 0.01375 0.02375
0 0.73375 0.20625 0.01375 0.02375
0 0.815 0.20625 0.01375 0.02375
0 0.79875 0.20875 0.01375 0.01875
0 0.82625 0.20875 0.00875 0.01875
0 0.9025 0.20875 0.01375 0.01875
0 0.975 0.21125 0.01375 0.02375
0 0.84 0.2125 0.00875 0.02375
0 0.7775 0.2125 0.01375 0.01875
0 0.60875 0.2125 0.01375 0.02375
0 0.63375 0.22 0.01375 0.01375
0 0.5325 0.22 0.01375 0.01875
0 0.60125 0.22 0.00875 0.01875
0 0.9425 0.2225 0.01875 0.01875
0 0.89375 0.2225 0.01375 0.01375
0 0.97625 0.2225 0.00875 0.02375
0 0.9925 0.225 0.01375 0.02375
0 0.51625 0.22625 0.01375 0.01375
0 0.52375 0.22875 0.01375 0.01875
0 0.9625 0.22875 0.01375 0.01875
0 0.88625 0.23125 0.01375 0.01875
0 0.82625 0.23125 0.01375 0.01875
0 0.72875 0.23125 0.01375 0.01875
0 0.935 0.23375 0.01375 0.01875
0 0.5875 0.23375 0.01375 0.01875
0 0.70375 0.23625 0.01375 0.01875
0 0.8425 0.23625 0.01875 0.02375
0 0.91375 0.23625 0.01375 0.01875
0 0.6175 0.23625 0.01375 0.02375
0 0.75875 0.23625 0.00875 0.01875
0 0.57125 0.23875 0.01375 0.01875
0 0.6875 0.23875 0.01875 0.02375
0 0.89875 0.2475 0.01375 0.02375
0 0.74125 0.2475 0.01375 0.01875
0 0.45375 0.25 0.01875 0.0275
0 0.6525 0.25 0.01875 0.02375
0 0.975 0.2525 0.01875 0.02375
0 0.725 0.2525 0.01375 0.02375
0 0.935 0.2525 0.01375 0.01875
0 0.92125 0.2575 0.01375 0.02375
0 0.965 0.26125 0.01375 0.01875
0 0.695 0.26375 0.01875 0.02375
0 0.57125 0.26625 0.01875 0.02375
0 0.44 0.26625 0.02375 0.02375
0 0.945 0.26875 0.01375 0.02375
0 0.7425 0.27125 0.01375 0.02375
0 0.525 0.275 0.01875 0.02375
0 0.4925 0.275 0.01875 0.01875
0 0.51125 0.275 0.01375 0.02375
0 0.5575 0.28 0.01875 0.02375
0 0.8125 0.28 0.02375 0.0275
0 0.63375 0.285 0.01375 0.02375
0 0.8425 0.285 0.01875 0.02375
0 0.4975 0.2875 0.01375 0.02375
0 0.475 0.28875 0.01875 0.02375
0 0.5675 0.29875 0.01875 0.02375
0 0.6625 0.29875 0.01375 0.02375
0 0.3775 0.30125 0.01875 0.02375
0 0.73375 0.30125 0.01375 0.01875
0 0.53 0.30125 0.01375 0.02375
0 0.53875 0.30375 0.01875 0.0275
0 0.60875 0.305 0.01375 0.02375
0 0.69875 0.305 0.01375 0.01875
0 0.4125 0.3075 0.01375 0.02375
0 0.59 0.3075 0.01875 0.02375
0 0.44875 0.31 0.01375 0.01875
0 0.7875 0.31 0.01875 0.01875
0 0.4925 0.31 0.01875 0.02375
0 0.43 0.315 0.01375 0.01875
0 0.86375 0.32 0.02375 0.02375
0 0.78875 0.32375 0.02375 0.0275
0 0.67625 0.32375 0.01875 0.02375
0 0.82125 0.32625 0.01875 0.0275
0 0.64625 0.33125 0.01375 0.01875
0 0.66375 0.3375 0.01875 0.01875
0 0.42125 0.34 0.01875 0.02375
0 0.5575 0.34 0.01375 0.02375
0 0.505 0.345 0.01875 0.0325
0 0.36375 0.3475 0.01375 0.02375
0 0.60875 0.3475 0.01375 0.02375
0 0.74125 0.3475 0.01375 0.01875
0 0.82625 0.35375 0.01375 0.0375
0 0.81 0.35875 0.01375 0.02375
0 0.7575 0.36125 0.01875 0.02375
0 0.345 0.36375 0.01875 0.02375
0 0.85625 0.36375 0.02375 0.0325
0 0.69625 0.3725 0.01875 0.02375
0 0.5325 0.3775 0.01875 0.01875
0 0.505 0.3775 0.01875 0.02375
0 0.65 0.3775 0.01875 0.02375
0 0.36375 0.38375 0.01875 0.0275
0 0.875 0.38375 0.01375 0.02375
0 0.3175 0.38875 0.02375 0.0325
0 0.775 0.4025 0.01875 0.02375
0 0.48625 0.405 0.01875 0.0275
0 0.5025 0.4075 0.01875 0.0375
0 0.465 0.41 0.01875 0.0275
0 0.82125 0.41 0.01875 0.0375
0 0.66625 0.42125 0.01875 0.02375
0 0.6325 0.42375 0.02375 0.0275
0 0.57 0.42375 0.01875 0.0275
0 0.6825 0.45125 0.01875 0.0275
0 0.505 0.45625 0.01875 0.02375
0 0.82125 0.45875 0.01875 0.02375
0 0.63625 0.47 0.02375 0.0375
0 0.185 0.475 0.01875 0.0375
0 0.77375 0.475 0.01875 0.02375
0 0.29875 0.47625 0.02375 0.0275
0 0.19875 0.48375 0.01875 0.0325
0 0.1525 0.48375 0.01875 0.0375
0 0.80375 0.5 0.01875 0.0325
0 0.785 0.5 0.01375 0.0275
0 0.29625 0.5025 0.02375 0.0375
0 0.24125 0.5025 0.01875 0.0325
0 0.36625 0.5075 0.02375 0.0325
0 0.83375 0.51125 0.0275 0.0325
0 0.4675 0.51375 0.02375 0.0275
0 0.4125 0.51625 0.02375 0.0325
0 0.655 0.51875 0.01875 0.0325
0 0.79875 0.52125 0.01875 0.0275
0 0.595 0.5275 0.02375 0.04125
0 0.5325 0.5275 0.01875 0.0375
0 0.63875 0.5275 0.0275 0.0375
0 0.3725 0.53 0.01875 0.0325
0 0.32625 0.54375 0.01875 0.0325
0 0.155 0.54875 0.02375 0.0275
0 0.01125 0.55375 0.01375 0.0275
0 0.055 0.55375 0.01875 0.0275
0 0.565 0.5575 0.01875 0.0325
0 0.95125 0.56 0.02375 0.0375
0 0.215 0.5675 0.0275 0.04125
0 0.13875 0.5675 0.02375 0.04125
0 0.70875 0.57 0.01875 0.0325
0 0.8725 0.57125 0.0275 0.04125
0 0.92375 0.57625 0.01875 0.04125
0 0.26625 0.5925 0.01875 0.0325
0 0.10625 0.595 0.02375 0.0375
0 0.6175 0.595 0.02375 0.04125
0 0.815 0.595 0.02375 0.0325
0 0.7225 0.6 0.0275 0.0375
0 0.97625 0.60375 0.02375 0.04125
0 0.03875 0.60875 0.01875 0.04125
0 0.01375 0.60875 0.01875 0.04125
0 0.85 0.61125 0.02375 0.0375
0 0.66375 0.61375 0.02375 0.0375
0 0.14375 0.6175 0.0275 0.0375
0 0.38625 0.62 0.0275 0.0375
0 0.6625 0.6275 0.02375 0.04125
0 0.905 0.63 0.0275 0.04625
0 0.99125 0.63 0.00875 0.0375
0 0.7425 0.6325 0.0275 0.04125
0 0.195 0.6325 0.0275 0.04625
0 0.02375 0.6325 0.0275 0.0375
0 0.97625 0.63625 0.0275 0.04125
0 0.3425 0.6525 0.0325 0.04125
0 0.5375 0.685 0.0275 0.04125
0 0.60875 0.6875 0.02375 0.04125
0 0.56 0.69625 0.01875 0.04125
0 0.245 0.69625 0.0275 0.04125
0 0.3075 0.70375 0.0275 0.0375
0 0.5025 0.72875 0.0275 0.0375
0 0.82125 0.73375 0.01875 0.04125
0 0.92625 0.74125 0.02375 0.0375
0 0.08625 0.7475 0.02375 0.04125
0 0.87 0.76125 0.02375 0.0325
0 0.13875 0.76125 0.02375 0.04125
0 0.445 0.76375 0.02375 0.0375
0 0.7125 0.785 0.0275 0.04625
0 0.57 0.79625 0.02375 0.04125
0 0.8075 0.82 0.02375 0.0375
0 0.92125 0.84 0.02375 0.0375
0 0.22875 0.85375 0.01875 0.0375
0 0.805 0.09 0.005 0.01375
0 0.7475 0.095 0.00875 0.01375
0 0.7825 0.1 0.00875 0.01375
0 0.73375 0.1 0.00875 0.01375
0 0.47875 0.10125 0.00875 0.01375
0 0.64125 0.10375 0.00875 0.00875